0 -0.12529 -0.24342 -0.34073 -0.42162 -0.48375 -0.52868 -0.55522 -0.56437 
0.12529 0 -0.11813 -0.21544 -0.29632 -0.35846 -0.40339 -0.42993 -0.43908 
0.24342 0.11813 0 -0.09731 -0.17819 -0.24033 -0.28526 -0.3118 -0.32095 
0.34073 0.21544 0.09731 0 -0.080883 -0.14302 -0.18795 -0.21449 -0.22364 
0.42162 0.29632 0.17819 0.080883 0 -0.062137 -0.10706 -0.13361 -0.14276 
0.48375 0.35846 0.24033 0.14302 0.062137 0 -0.044925 -0.07147 -0.080622 
0.52868 0.40339 0.28526 0.18795 0.10706 0.044925 0 -0.026545 -0.035697 
0.55522 0.42993 0.3118 0.21449 0.13361 0.07147 0.026545 0 -0.009152 
0.56437 0.43908 0.32095 0.22364 0.14276 0.080622 0.035697 0.009152 0 
